n_topics,top_n,accuracy
200 50 0.5838150289017341
190 50 0.5838150289017341
180 50 0.5838150289017341
170 50 0.5838150289017341
160 50 0.5838150289017341
150 50 0.5838150289017341
140 50 0.5838150289017341
130 50 0.5838150289017341
120 50 0.5838150289017341
110 50 0.5838150289017341
100 50 0.5838150289017341
90 50 0.5838150289017341
80 50 0.5838150289017341
70 50 0.5838150289017341
60 50 0.5838150289017341
50 50 0.5838150289017341
40 50 0.5838150289017341
30 50 0.5838150289017341
20 50 0.5838150289017341
200 1 0.5244360902255639
200 6 0.5375939849624061
200 11 0.556390977443609
200 16 0.5545112781954887
200 21 0.5676691729323309
200 26 0.5733082706766918
200 31 0.556390977443609
200 36 0.5469924812030075
200 41 0.5451127819548872
200 46 0.556390977443609
200 51 0.556390977443609
200 56 0.5526315789473685
200 61 0.5488721804511278
200 66 0.5413533834586466
200 71 0.5263157894736842
200 76 0.5244360902255639
200 81 0.518796992481203
200 86 0.5112781954887218
